15
1 10.0 0.0 -90.0 -90.0 -70.0 1.0 0.5 0.0  
2 10.0 0.0 -80.0 -90.0 -10.0 0.5 0.5 0.0  
3 10.0 0.0 -65.0 -70.0 10.0 1.0 0.5 1.0
4 10.0 0.0 -65.0 70.0 10.0 0.0 1.0 0.7
5 10.0 0.0 -10.0 10.0 10.0 1.0 1.0 0.7
6 10.0 0.0 50.0 80.0 10.0 1.0 0.0 0.7
7 10.0 50.0 50.0 10.0 10.0 0.0 0.0 1.7
8 10.0 15.0 -20.0 -10.0 10.0 1.0 0.0 0.0
9 15.0 30.0 80.0 60.0 -50.0 0.2 0.7 0.5
10 10.0 50.0 -80.0 60.0 -50.0 1.0 0.5 0.2
100 1.0 0.0 0.0 150.0 500.0 0.0 0.0 0.0 
101 1.0 0.0 0.0 0.0 0.0 0.2 0.2 0.2
102 1.0 0.0 0.0 0.0 0.0 0.5 0.5 0.5
103 1.0 0.0 0.0 0.0 0.0 0.5 0.5 0.5


1 10.0  0.0 -60.0  0.0 0.0 0.9 0.5 0.5
2 10.0  0.0   0.0  0.0 0.0 0.5 0.9 0.5
3 10.0 20.0  20.0  0.0 0.0 0.5 0.5 0.9
1 15.0  0.0  60.0 10.0 0.0 0.9 0.9 0.5
2 20.0  0.0 100.0 10.0 0.0 0.9 0.5 0.9
3 15.0 25.0 -20.0 10.0 0.0 0.5 0.5 0.9

